0 4 139 248 163 80 272 230 132 49 382 219 66 36 425 208 49 39 
2007 1 1 354 470 215 
2008 1 67 330 699 268 
2009 1 394 320 595 269 
2010 1 657 313 465 246 
2011 2 870 344 346 210 1 337 335 190 
2012 2 995 358 274 200 48 315 497 216 
2013 2 284 339 449 179 1078 371 203 164 
2014 2 484 339 409 183 1141 384 140 134 
2015 1 667 331 354 183 
2016 2 789 345 318 171 1168 385 109 101 
2017 2 924 388 221 113 1128 389 137 97 
2018 1 1010 398 202 97 
2019 1 1085 405 166 87 
2020 2 986 392 141 90 1148 389 119 116 
2021 1 914 377 182 113 
2022 3 839 354 186 136 1026 405 124 75 1215 407 66 83 
2023 2 711 335 250 153 968 380 159 107 
2024 2 595 340 275 146 905 389 164 96 
2025 3 432 314 318 190 822 365 202 107 1180 425 80 62 
2026 3 294 312 305 178 732 374 236 102 1131 405 122 96 
2027 3 98 313 342 174 635 376 273 105 1076 406 154 77 
2028 2 541 349 275 142 1028 392 175 99 
2029 2 992 394 173 92 400 350 310 145 
2030 2 928 391 218 102 281 341 304 157 
2031 2 862 374 219 123 134 346 318 139 
2032 3 18 354 300 129 745 371 263 115 1019 375 129 112 
2033 3 1 348 177 137 638 365 288 125 948 366 182 121 
2034 3 502 365 339 125 858 346 223 141 1100 377 165 133 
2035 3 333 348 380 139 810 346 210 139 1051 356 200 168 
2036 3 142 336 416 151 718 340 233 153 994 389 212 112 
2037 3 27 340 342 161 627 333 248 154 931 354 253 142 
2038 2 448 343 327 133 865 359 218 148 
2039 2 349 332 304 146 759 353 271 152 
2040 2 179 310 355 161 665 345 279 147 
2041 2 46 313 324 175 544 336 294 156 
2042 2 5 313 230 177 341 327 410 182 
2043 1 203 318 382 190 
2044 1 23 293 375 210 
2045 1 1144 399 137 102 
2046 1 1116 394 138 105 
2047 1 1076 389 171 116 
2048 1 1039 371 159 134 
2049 1 988 384 166 107 
2050 1 891 385 226 101 
2051 1 817 383 225 107 
2052 1 704 357 271 146 
2053 1 577 358 307 134 
2054 1 423 355 370 130 
2055 1 261 334 360 170 
2056 2 92 336 357 163 1100 411 127 77 
2057 2 1 317 275 188 1045 395 154 100 
2058 2 1 349 110 189 1032 392 135 100 
2059 1 976 374 165 111 
2060 1 937 372 152 111 
2061 1 877 374 183 111 
2062 1 821 368 180 120 
2063 1 722 357 232 129 
2064 1 660 346 211 136 
2065 2 564 355 226 122 1154 403 122 87 
2066 2 417 345 297 134 1114 374 137 126 
2067 2 296 334 315 147 1061 361 157 137 
2068 2 164 336 312 150 1018 374 167 111 
2069 2 53 328 290 163 936 373 186 127 
2070 1 865 362 198 129 
2071 1 763 353 223 132 
2072 1 627 331 265 151 
2073 1 487 324 301 154 
2074 1 332 332 330 156 
2075 0 
2076 1 1057 376 224 137 
2077 1 1025 368 211 126 
2078 1 993 370 197 133 
2079 1 922 359 246 151 
2080 1 850 365 280 126 
2081 2 772 331 297 165 1122 407 96 79 
2082 2 643 328 376 181 1078 399 119 86 
2083 2 533 314 406 196 1060 392 120 89 
2084 2 346 278 460 214 1020 389 147 98 
2085 2 178 295 492 213 1002 383 139 102 
2086 2 32 300 464 201 958 398 158 80 
2087 1 906 383 173 98 
2088 3 869 384 176 106 1070 401 102 98 1178 420 89 79 
2089 3 803 390 203 93 1037 398 90 84 1139 415 111 79 
2090 1 747 377 210 113 
2091 2 658 377 238 100 1046 414 129 72 
2092 2 573 376 271 101 969 405 179 95 
2093 2 511 363 252 120 899 402 184 89 
2094 2 396 345 286 131 791 392 229 80 
2095 2 276 334 305 142 669 376 254 109 
2096 2 169 334 302 151 546 366 269 122 
2097 3 58 353 298 124 389 362 284 120 680 362 168 114 
2098 2 179 352 318 138 517 359 245 113 
2099 2 400 344 295 146 1 358 133 173 
2100 1 272 349 331 124 
2101 1 27 343 235 158 
2102 1 66 332 302 151 
2103 1 1 344 279 157 
2104 1 4 343 301 211 
2105 1 1 319 550 244 
2106 1 166 282 574 319 
2107 1 365 288 521 282 
2108 1 519 295 474 281 
2109 1 662 317 408 230 
2110 1 788 355 342 199 
2111 1 851 364 325 186 
2112 1 901 365 318 169 
2113 1 961 368 276 155 
2114 1 1010 361 241 170 
2115 1 1040 365 236 167 
2116 2 1065 368 215 164 1 335 248 239 
2117 2 1084 371 196 163 4 322 343 262 
2118 2 1099 372 181 161 14 326 434 210 
2119 2 1111 374 168 160 106 335 454 196 
2120 2 1120 375 159 160 195 322 452 213 
2121 2 1127 376 153 161 270 319 448 224 
2122 2 1131 376 149 161 350 327 417 205 
2123 2 1133 376 147 163 420 340 402 177 
2124 2 1133 374 147 168 479 331 394 188 
2125 2 1131 373 149 171 523 335 394 175 
2126 2 1129 371 151 176 586 350 360 163 
2127 2 1127 369 153 179 651 339 320 182 
2128 2 1127 370 153 179 679 342 316 161 
2129 2 1127 370 153 179 700 343 344 165 
2130 2 1127 370 153 180 739 341 308 164 
2131 2 1127 369 153 180 754 354 302 159 
2132 2 1127 370 153 180 772 355 303 163 
2133 2 1139 381 142 146 787 355 304 165 
2134 2 1139 381 141 146 800 356 305 165 
2135 2 1139 381 141 146 811 357 279 171 
2136 2 1139 381 141 146 820 357 281 166 
2137 2 1139 381 141 146 827 358 279 164 
2138 2 1139 381 141 146 833 358 274 168 
2139 2 1139 381 141 146 837 358 271 160 
2140 2 1139 381 141 146 841 359 270 158 
2141 2 1139 381 141 146 844 359 266 155 
2142 2 1139 381 141 146 846 359 272 161 
2143 2 1139 381 141 146 849 359 278 151 
2144 2 1139 381 141 146 853 359 273 162 
2145 2 1139 381 141 146 856 360 271 160 
2146 2 1139 381 141 147 860 360 271 170 
2147 2 1139 381 141 147 863 360 270 158 
2148 2 1139 381 141 148 867 360 272 165 
2149 2 1139 381 141 148 871 361 269 164 
2150 2 1139 380 141 148 873 360 263 148 
2151 2 1138 379 142 152 878 360 257 151 
2152 2 1138 379 142 153 882 385 259 132 
2153 2 1139 379 141 153 888 369 261 145 
2154 2 1139 378 141 155 894 361 254 139 
2155 2 1140 377 140 159 902 363 249 142 
2156 2 1146 378 134 158 912 364 254 139 
2157 2 1154 379 126 156 926 366 242 149 
2158 2 1164 381 116 154 943 368 227 147 
2159 2 1174 382 106 153 963 370 230 137 
2160 2 1186 385 94 149 949 372 251 135 
2161 2 1199 387 81 146 1023 394 189 109 
2162 1 1029 390 199 115 
2163 1 1040 389 202 117 
2164 1 1099 384 142 116 
2165 1 1140 398 124 103 
2166 1 1150 390 117 96 
2167 1 1179 403 98 88 
2168 1 1209 415 72 76 
2169 1 1132 412 120 69 
2170 1 1145 408 105 82 
2171 1 1132 405 110 86 
2172 1 1117 402 115 90 
2173 1 1102 399 120 94 
2174 1 1086 396 124 97 
2175 1 1068 393 130 101 
2176 1 1048 388 137 107 
2177 1 1025 383 145 114 
2178 1 1001 379 153 121 
2179 1 969 369 171 136 
2180 1 954 381 153 98 
2181 1 928 387 166 101 
2182 1 896 382 161 97 
2183 1 855 386 177 97 
2184 1 816 386 182 93 
2185 2 758 376 209 103 1113 385 120 109 
2186 2 706 372 226 106 1092 390 145 105 
2187 2 669 367 205 132 1074 386 151 110 
2188 2 602 364 209 135 1053 381 159 115 
2189 2 546 353 218 135 1031 376 166 121 
2190 2 461 357 236 124 1008 372 169 124 
2191 2 990 368 168 124 374 349 256 129 
2192 2 969 365 163 124 292 344 254 129 
2193 2 198 342 278 134 913 377 205 123 
2194 2 91 332 288 156 881 364 215 131 
2195 3 15 348 253 128 860 358 213 128 1114 399 111 97 
2196 3 1 349 187 129 818 346 223 142 1094 395 116 102 
2197 3 1 345 94 129 780 345 220 157 1073 391 122 106 
2198 2 748 344 219 155 1050 387 128 112 
2199 2 695 328 240 178 1024 382 134 117 
2200 2 628 314 254 185 998 377 143 109 
2201 2 546 318 292 191 963 376 149 114 
2202 3 471 313 314 190 930 376 150 101 1086 392 125 96 
2203 3 400 306 331 191 902 367 133 109 1039 383 144 109 
2204 3 307 307 337 186 885 369 95 94 974 375 171 119 
2205 3 204 302 370 201 905 378 211 108 824 376 71 85 
2206 3 124 322 367 168 826 364 242 131 1097 406 126 68 
2207 3 40 304 365 187 1086 404 113 72 710 353 296 133 
2208 3 0 308 317 188 646 338 292 138 1048 390 140 100 
2209 3 1 321 215 182 483 330 351 148 1024 369 148 119 
2210 3 0 318 124 173 324 330 466 151 1001 386 152 100 
2211 3 166 291 370 194 520 334 190 144 960 368 174 128 
2212 3 368 342 274 131 12 318 351 181 926 372 182 116 
2213 2 258 336 307 141 889 370 194 126 
2214 2 163 326 328 148 851 372 189 120 
2215 3 107 325 299 168 812 370 194 119 1168 403 113 95 
2216 3 32 331 291 169 750 367 240 125 1145 400 116 98 
2217 3 2 339 224 169 667 361 282 120 1119 396 119 100 
2218 2 613 352 288 136 1096 395 124 105 
2219 2 584 356 248 129 1056 388 151 113 
2220 2 506 326 283 168 1022 378 151 113 
2221 2 430 346 288 140 964 372 181 123 
2222 2 361 340 301 146 925 374 182 112 
2223 2 266 327 321 161 859 361 210 137 
2224 2 177 319 328 153 763 361 247 125 
2225 3 92 322 339 164 678 336 269 145 1161 405 115 98 
2226 3 44 357 298 117 591 345 300 136 1136 398 125 107 
2227 3 505 353 283 129 1109 389 136 117 10 324 249 183 
2228 3 374 344 326 133 6 318 157 211 1070 386 160 123 
2229 2 236 321 349 161 1036 380 166 129 
2230 2 993 373 170 134 134 332 322 146 
2231 2 957 370 169 134 10 326 319 161 
2232 2 904 370 183 134 6 327 199 180 
2233 1 835 358 212 132 
2234 2 754 360 236 128 1197 393 84 103 
2235 2 653 348 284 159 1180 389 88 107 
2236 2 560 344 289 164 1161 386 120 110 
2237 2 448 340 288 165 1138 379 143 119 
2238 2 317 332 327 173 1113 374 166 125 
2239 2 140 319 391 186 1085 368 181 131 
2240 2 40 326 356 172 1060 374 181 124 
2241 2 1 327 265 187 1008 377 254 155 
2242 1 995 363 202 125 
2243 1 936 363 227 122 
2244 1 875 371 253 128 
2245 1 830 346 267 150 
2246 1 750 340 309 150 
2247 1 662 324 333 172 
2248 1 572 306 360 195 
2249 1 448 300 399 185 
2250 1 338 313 431 172 
2251 1 181 308 486 193 
2252 1 72 301 478 202 
2253 1 5 300 404 207 
2254 1 1 328 266 203 
2255 1 1 349 124 151 
2256 1 4 331 395 203 
2257 1 115 293 489 243 
2258 1 346 295 452 233 
2259 1 525 314 429 238 
2260 1 648 326 428 238 
2261 1 838 361 320 167 
2262 1 934 365 266 148 
2263 1 1020 364 244 165 
2264 1 1120 360 161 160 
2265 1 1170 356 111 173 
2266 1 1197 405 84 103 
2267 1 1 310 275 243 
2268 1 22 290 497 254 
2269 1 259 284 479 254 
2270 1 509 314 406 199 
2271 1 667 324 385 198 
2272 1 835 368 290 149 
2273 1 933 377 273 140 
2274 1 1033 383 204 122 
2275 1 1097 385 183 116 
2276 1 1161 397 120 99 
2277 1 1090 392 129 86 
2278 1 1048 393 149 90 
2279 1 994 380 169 106 
2280 1 936 367 170 126 
2281 1 825 357 249 126 
2282 2 738 353 243 127 1 314 319 270 
2283 2 636 350 261 147 33 282 535 257 
2284 1 311 295 471 227 
2285 1 523 320 413 196 
2286 1 713 326 343 174 
2287 1 871 362 269 164 
2288 1 983 375 227 132 
2289 1 1051 380 208 129 
2290 1 1101 381 180 129 
2291 1 135 238 680 408 
2292 1 485 304 562 308 
2293 1 726 317 439 253 
2294 1 888 353 377 195 
2295 1 1026 367 255 168 
2296 2 1131 375 150 139 1003 392 123 93 
2297 1 952 385 164 100 
2298 1 906 383 173 104 
2299 1 844 379 184 106 
2300 2 733 368 243 114 1 345 190 220 
2301 2 1 335 429 206 661 371 235 111 
2302 2 186 337 418 171 609 344 195 126 
2303 1 407 353 414 155 
2304 2 277 365 322 120 630 350 337 164 
2305 2 763 367 313 142 188 367 292 115 
2306 1 902 365 237 135 
2307 1 994 371 217 148 
2308 1 1073 388 165 116 
2309 1 1109 398 172 103 
2310 1 1157 402 124 103 
2311 1 1150 398 123 85 
2312 1 1109 394 129 94 
2313 1 1044 386 149 111 
2314 2 975 372 165 114 1130 410 93 66 
2315 2 902 368 203 124 1095 406 124 75 
2316 2 829 352 230 138 1054 397 145 81 
2317 2 737 349 262 142 1008 392 164 85 
2318 2 629 349 306 141 963 388 164 98 
2319 2 513 336 315 164 909 381 178 104 
2320 2 347 323 362 185 851 384 199 97 
2321 2 204 319 378 180 793 383 210 89 
2322 2 48 313 381 188 701 372 227 102 
2323 1 603 366 258 112 
2324 2 496 357 316 125 1 334 416 215 
2325 2 181 346 436 157 444 357 227 97 
2326 2 280 367 261 105 454 376 380 145 
2327 1 647 372 363 150 
2328 1 804 372 266 151 
2329 2 924 384 226 128 1157 398 124 88 
2330 2 1020 403 178 102 1153 390 110 86 
2331 1 1091 390 163 105 
2332 2 1060 383 102 94 1143 416 126 75 
2333 1 1014 392 171 89 
2334 1 955 384 207 104 
2335 2 895 377 234 106 1108 411 97 53 
2336 2 810 338 276 165 1066 398 121 100 
2337 2 619 335 337 163 985 397 143 94 
2338 2 374 312 397 186 864 376 184 112 
2339 2 61 303 430 224 735 383 215 102 
2340 2 568 361 225 138 939 389 178 97 
2341 2 874 396 200 98 1 204 690 456 
2342 1 129 221 854 419 
2343 1 691 312 518 258 
2344 2 838 313 439 243 445 349 337 125 
2345 2 1099 376 182 145 155 335 354 147 
2346 1 1171 374 110 173 
2347 1 94 321 535 169 
2348 1 638 337 341 170 
2349 1 807 348 292 155 
2350 1 1046 386 170 117 
2351 1 1108 383 171 119 
2352 1 1070 388 124 102 
2353 1 1048 393 130 90 
2354 1 1005 395 152 95 
2355 1 924 390 171 82 
2356 1 865 380 189 88 
2357 1 821 376 185 109 
2358 1 726 367 231 120 
2359 2 1 295 427 325 573 343 283 139 
2360 1 451 323 505 272 
2361 2 744 340 352 213 267 317 291 164 
2362 2 138 340 313 117 911 353 292 204 
2363 2 983 368 298 210 18 327 325 147 
2364 1 1101 370 180 153 
2365 1 1 339 292 189 
2366 1 1 306 390 216 
2367 1 172 304 452 221 
2368 1 376 330 431 189 
2369 1 470 331 347 187 
2370 1 511 321 373 192 
2371 1 630 339 393 193 
2372 1 671 348 364 173 
2373 1 696 346 389 159 
2374 1 737 355 329 146 
2375 1 782 364 338 152 
2376 1 814 366 342 155 
2377 1 823 353 341 155 
2378 1 842 361 341 155 
2379 1 848 356 341 155 
2380 1 839 364 341 155 
2381 2 854 362 341 155 1 310 340 226 
2382 2 849 361 341 155 1 288 425 266 
2383 2 860 369 341 155 71 305 465 239 
2384 2 856 365 341 155 120 310 510 248 
2385 2 863 363 341 155 201 309 485 244 
2386 2 842 365 341 155 247 301 493 230 
2387 2 850 357 342 155 289 299 447 227 
2388 2 842 365 341 155 346 313 440 222 
2389 2 868 357 341 155 374 304 417 218 
2390 2 868 365 342 155 390 310 418 217 
2391 2 888 356 341 155 394 318 452 196 
2392 2 904 372 246 138 378 339 471 190 
2393 2 901 365 267 146 389 340 467 188 
2394 2 889 361 271 152 398 341 463 187 
2395 2 900 370 254 128 402 341 462 186 
2396 2 904 369 237 142 404 341 461 186 
2397 2 913 367 239 142 403 341 461 186 
2398 2 909 367 244 140 403 341 461 186 
2399 2 895 370 265 141 403 341 461 187 
2400 2 904 366 261 149 403 341 461 187 
2401 2 912 369 234 142 403 341 461 187 
2402 2 903 369 236 143 403 341 461 187 
2403 2 908 376 240 130 403 341 461 187 
2404 2 917 371 225 141 403 341 461 187 
2405 2 403 340 461 187 913 359 252 153 
2406 2 403 341 461 187 913 359 252 153 
2407 2 403 341 461 187 913 359 252 153 
2408 2 403 341 461 187 913 359 252 153 
2409 2 403 341 461 187 913 359 252 153 
2410 2 403 341 461 187 913 359 252 153 
2411 2 403 341 461 187 913 359 252 153 
2412 2 403 341 462 187 913 359 252 153 
2413 2 403 341 462 187 913 359 252 153 
2414 2 403 341 462 187 913 359 252 153 
2415 2 403 341 462 187 913 359 252 153 
2416 2 403 341 462 187 913 359 252 153 
2417 2 403 341 462 187 913 359 252 153 
2418 2 403 341 462 187 913 359 252 153 
2419 2 403 341 462 187 913 359 252 153 
2420 2 403 341 462 187 913 359 252 153 
2421 2 403 341 462 187 913 359 252 153 
2422 2 403 341 462 187 913 359 252 153 
2423 2 403 341 462 187 913 359 252 153 
2424 2 403 341 462 187 913 359 252 153 
2425 2 403 341 462 187 913 359 252 153 
2426 2 403 341 462 187 913 359 252 153 
2427 2 403 341 462 187 913 359 252 153 
2428 2 403 341 462 187 913 359 252 153 
2429 2 403 341 462 187 913 359 252 153 
2430 2 403 341 462 187 913 359 252 153 
2431 2 403 341 462 187 913 359 252 153 
2432 2 403 341 462 187 913 359 252 153 
2433 2 403 341 462 187 913 359 252 153 
2434 2 403 341 462 187 913 359 252 153 
2435 2 403 341 462 187 913 359 252 153 
2436 2 403 341 462 187 913 359 252 153 
2437 2 436 341 429 187 913 359 252 153 
2438 2 447 341 418 187 913 359 252 153 
2439 2 448 341 417 187 913 359 252 153 
2440 2 471 341 394 187 913 359 252 153 
2441 2 426 341 439 187 913 359 252 153 
2442 2 442 341 423 187 913 359 252 153 
2443 2 435 341 430 187 913 359 252 153 
2444 2 431 341 434 187 913 359 252 153 
2445 2 431 341 434 187 913 359 252 153 
2446 2 420 341 445 187 913 359 252 153 
2447 2 421 341 444 187 913 359 252 153 
2448 2 421 341 444 187 913 359 252 153 
2449 2 420 341 445 187 913 359 252 153 
2450 2 424 341 441 187 913 359 252 153 
2451 2 425 341 440 187 913 359 252 153 
2452 2 421 341 444 187 913 359 252 153 
2453 2 422 341 443 187 913 359 252 153 
2454 2 421 341 444 186 913 359 252 153 
2455 2 418 341 447 187 913 359 252 153 
2456 2 403 341 462 187 913 359 252 153 
2457 2 403 341 462 187 914 359 251 153 
2458 2 403 341 462 187 914 359 251 153 
2459 2 401 340 464 189 914 359 251 153 
2460 1 914 359 251 153 
2461 1 914 359 251 153 
2462 1 966 358 170 153 
2463 1 425 345 419 169 
2464 1 422 337 438 201 
2465 1 422 337 438 201 
2466 1 422 337 438 201 
2467 2 424 337 437 201 954 375 173 113 
2468 2 427 337 436 201 969 377 170 111 
2469 2 430 338 435 200 986 379 166 109 
2470 2 436 338 433 199 1005 381 162 107 
2471 2 451 340 426 195 1046 387 154 101 
2472 2 460 341 422 194 1066 390 150 99 
2473 2 492 344 409 188 1112 392 156 111 
2474 2 514 344 414 192 1118 390 156 111 
2475 2 541 343 424 196 1143 386 138 133 
2476 1 610 343 435 205 
2477 1 651 344 441 209 
2478 1 726 366 339 137 
2479 1 821 355 289 154 
2480 1 902 375 259 134 
2481 2 948 380 241 134 1 314 252 193 
2482 2 1043 388 191 122 1 313 462 187 
2483 2 1065 384 196 130 75 268 497 253 
2484 2 1109 389 167 127 170 283 525 233 
2485 2 1171 405 110 98 380 306 459 208 
2486 1 498 296 398 234 
2487 1 673 341 350 168 
2488 1 802 334 292 180 
2489 1 891 357 237 150 
2490 2 977 372 255 151 1 306 320 220 
2491 2 1008 381 244 131 1 306 455 201 
2492 2 1081 377 200 122 219 315 468 210 
2493 2 1140 389 141 123 352 318 445 205 
2494 2 1207 405 74 108 567 331 403 183 
2495 1 688 343 349 157 
2496 1 870 362 302 157 
2497 1 926 377 259 127 
2498 1 966 375 255 130 
2499 1 1033 389 223 124 
2500 1 1100 390 181 131 
2501 1 1167 411 114 112 
2502 1 1206 412 75 105 
2503 0 
2504 0 
2505 1 205 320 685 236 
2506 1 612 304 485 270 
2507 1 1037 357 244 156 
2508 0 
2509 0 
2510 1 1139 419 93 62 
2511 1 1092 419 117 68 
2512 1 1002 405 123 71 
2513 2 942 394 142 78 947 393 131 83 
2514 2 794 385 160 89 1157 406 111 81 
2515 2 698 381 180 86 1116 403 126 85 
2516 2 582 372 204 101 1077 398 144 87 
2517 2 474 368 210 102 1033 390 152 93 
2518 2 321 365 248 104 963 388 168 97 
2519 1 807 366 208 112 
2520 1 691 358 261 129 
2521 1 390 331 350 160 
2522 0 
2523 1 510 304 519 248 
2524 1 762 322 390 209 
2525 1 864 341 329 203 
2526 1 931 353 292 183 
2527 1 988 355 266 172 
2528 1 1030 373 249 172 
2529 1 1069 362 212 166 
2530 1 1125 379 156 168 
2531 1 1135 379 146 164 
2532 1 1145 377 136 163 
2533 1 1147 380 134 161 
2534 1 1148 370 133 156 
2535 1 1140 375 141 160 
2536 1 1140 366 141 173 
2537 1 1150 375 131 152 
2538 1 1145 376 136 173 
2539 2 1052 405 116 87 1148 381 133 153 
2540 2 976 389 182 105 1141 377 140 167 
2541 2 943 383 179 111 1147 383 134 169 
2542 2 1148 381 133 144 899 381 189 111 
2543 2 850 377 211 130 1144 377 137 164 
2544 2 709 358 250 138 1138 368 143 177 
2545 2 1135 375 146 159 626 368 276 124 
2546 2 1135 375 145 159 430 349 324 137 
2547 2 1135 375 145 159 277 352 361 143 
2548 1 1135 375 145 159 
2549 1 1135 375 145 159 
2550 1 1135 375 145 159 
2551 1 1135 375 145 159 
2552 1 1135 375 145 159 
2553 1 1135 375 145 159 
2554 1 1135 375 145 159 
2555 1 1135 375 145 159 
2556 1 1135 375 145 159 
2557 1 1135 375 145 159 
2558 1 1135 375 145 159 
2559 1 1135 375 145 159 
2560 1 1135 375 145 159 
2561 1 1135 375 145 159 
2562 1 1135 375 145 159 
2563 1 1135 375 145 159 
2564 1 1135 375 145 159 
2565 1 1135 375 145 159 
2566 1 1135 375 145 159 
2567 1 1135 375 145 159 
2568 1 1135 375 145 159 
2569 1 1135 375 145 159 
2570 1 1135 375 145 159 
2571 1 1135 375 145 159 
2572 1 1135 375 145 159 
2573 1 1135 375 145 159 
2574 1 1135 375 145 159 
2575 1 1135 375 145 159 
2576 1 1135 375 145 159 
2577 1 1135 375 145 159 
2578 1 1135 375 145 159 
2579 1 1135 375 145 159 
2580 1 1135 375 145 159 
2581 1 1135 375 145 159 
2582 1 1135 375 145 159 
2583 1 1135 375 145 159 
2584 1 1135 375 145 159 
2585 1 1135 375 145 159 
2586 1 1135 375 145 159 
2587 1 1135 375 145 159 
2588 1 1135 375 145 159 
2589 1 1135 375 145 159 
2590 1 1135 375 145 159 
2591 2 1135 375 145 159 1 309 602 279 
2592 2 1135 375 145 159 1 296 643 313 
2593 2 1135 375 145 159 134 279 676 300 
2594 2 1135 375 145 159 306 287 565 265 
2595 2 1135 375 145 159 419 291 536 283 
2596 2 1135 375 145 159 489 292 521 283 
2597 2 1134 375 145 159 525 306 495 251 
2598 2 1135 375 145 159 581 309 491 257 
2599 2 1135 375 145 159 603 310 489 258 
2600 2 1135 375 145 159 639 313 488 262 
2601 3 1135 375 145 159 640 315 460 243 1024 607 1 2 
2602 2 1135 375 145 159 675 313 422 246 
2603 2 1135 375 145 159 677 312 432 249 
2604 2 1134 376 146 161 698 328 409 227 
2605 2 1136 376 144 160 696 329 409 247 
2606 2 1138 377 142 160 704 339 410 209 
2607 2 1143 377 137 160 731 334 386 219 
2608 2 1146 377 134 161 729 325 398 236 
2609 2 1150 378 130 162 713 334 429 228 
2610 2 1156 378 124 163 749 336 396 225 
2611 2 1177 382 103 159 779 344 384 208 
2612 1 805 337 357 209 
2613 1 833 346 341 196 
2614 1 857 355 338 170 
2615 1 904 352 308 189 
2616 1 950 355 282 180 
2617 1 974 361 280 161 
2618 1 994 365 262 163 
2619 1 1026 361 242 160 
2620 1 1048 371 233 151 
2621 2 1073 371 208 145 988 371 113 99 
2622 2 1095 383 186 143 961 371 139 111 
2623 2 923 374 180 103 1119 383 162 134 
2624 2 887 367 177 110 1065 386 103 95 
2625 2 847 363 190 110 1024 384 143 93 
2626 2 975 385 164 100 789 357 201 112 
2627 2 731 350 231 133 919 386 188 104 
2628 2 852 384 203 94 664 352 235 117 
2629 2 777 374 221 107 569 336 273 141 
2630 1 679 350 261 128 
2631 1 560 341 283 142 
2632 1 445 345 305 146 
2633 1 280 332 358 171 
2634 1 1123 405 129 89 
2635 1 1095 395 139 93 
2636 1 1060 397 138 85 
2637 0 
2638 0 
2639 0 
2640 2 434 354 314 145 714 370 165 97 
2641 2 629 363 214 109 297 353 337 154 
2642 2 537 349 239 132 159 355 348 136 
2643 2 943 389 176 97 370 355 260 118 
2644 1 807 374 223 120 
2645 1 741 377 238 102 
2646 1 547 367 278 112 
2647 1 443 358 293 123 
2648 1 1090 395 108 86 
2649 1 1070 401 120 71 
2650 1 1051 407 124 67 
2651 2 997 393 141 81 1139 408 125 77 
2652 1 971 385 138 92 
2653 2 1083 401 144 84 940 394 142 79 
2654 2 905 388 155 79 1057 401 152 80 
2655 2 977 394 179 85 821 377 162 106 
2656 2 728 379 169 97 874 386 200 97 
2657 3 738 371 243 107 609 349 211 116 1189 417 92 65 
2658 3 643 379 290 104 199 349 454 168 1171 412 103 82 
2659 2 431 344 398 169 1141 411 122 74 
2660 2 1091 394 127 84 785 371 284 136 
2661 1 918 380 222 120 
2662 2 966 392 155 89 1076 405 176 96 
2663 2 914 386 186 95 1139 403 130 96 
2664 1 772 368 248 109 
2665 2 596 361 274 125 1 303 353 191 
2666 2 524 336 269 142 99 291 459 230 
2667 3 563 318 359 190 240 327 324 161 1086 408 99 78 
2668 3 120 339 333 134 721 335 327 173 1062 407 116 75 
2669 1 981 359 203 133 
2670 2 1114 381 155 113 900 377 164 96 
2671 2 857 377 164 96 1175 393 106 98 
2672 2 780 375 205 92 1199 395 82 97 
2673 2 658 363 219 101 164 336 445 162 
2674 1 400 339 408 162 
2675 2 762 358 294 137 946 358 16 4 
2676 1 890 370 250 121 
2677 1 893 331 327 213 
2678 1 1047 350 231 167 
2679 0 
2680 0 
2681 0 
2682 2 88 275 725 297 1057 394 123 82 
2683 1 500 303 555 256 
2684 1 822 312 376 240 
2685 1 1011 354 266 184 
2686 2 810 379 200 94 1122 371 159 146 
2687 0 
2688 1 693 337 324 154 
2689 1 891 350 243 142 
2690 1 1029 374 185 133 
2691 1 1128 383 144 116 
2692 0 
2693 0 
2694 0 
2695 0 
2696 0 
2697 1 101 313 534 194 
2698 1 133 312 565 187 
2699 1 201 312 516 205 
2700 1 298 301 477 211 
2701 1 320 313 475 200 
2702 1 359 313 461 198 
2703 1 385 295 457 217 
2704 1 431 320 454 178 
2705 1 462 317 434 177 
2706 1 506 313 431 199 
2707 1 529 315 419 189 
2708 1 567 331 403 182 
2709 1 589 327 404 174 
2710 1 607 329 380 166 
2711 1 612 317 401 186 
2712 1 623 318 382 187 
2713 1 636 337 381 177 
2714 1 630 327 409 172 
2715 1 655 334 372 174 
2716 1 657 336 367 172 
2717 1 656 335 373 170 
2718 1 667 344 357 152 
2719 1 667 336 359 164 
2720 1 659 341 377 172 
2721 1 673 339 367 169 
2722 1 673 342 366 162 
2723 1 678 337 359 167 
2724 1 670 344 377 168 
2725 1 686 337 353 159 
2726 1 691 337 349 158 
2727 1 696 337 345 157 
2728 1 703 337 341 157 
2729 1 709 337 338 156 
2730 1 705 334 345 158 
2731 1 717 331 335 161 
2732 1 718 330 337 161 
2733 1 728 333 329 157 
2734 1 726 339 334 151 
2735 1 736 335 328 154 
2736 1 745 337 321 151 
2737 1 749 331 318 156 
2738 1 753 334 315 153 
2739 1 746 340 322 148 
2740 1 751 332 317 156 
2741 1 746 333 322 155 
2742 1 745 334 323 154 
2743 1 742 338 326 150 
2744 1 750 338 318 150 
2745 1 749 340 319 148 
2746 1 745 340 323 148 
2747 1 751 340 317 148 
2748 1 745 340 323 148 
2749 1 747 340 321 148 
2750 1 741 340 327 148 
2751 1 749 340 319 148 
2752 1 744 340 324 148 
2753 1 744 340 324 148 
2754 1 749 340 319 148 
2755 1 744 340 324 148 
2756 1 747 340 321 148 
2757 1 747 340 321 148 
2758 1 744 340 324 148 
2759 1 742 340 334 158 
2760 1 752 339 325 163 
2761 1 739 340 340 166 
2762 1 740 342 344 170 
2763 1 736 343 347 170 
2764 1 744 341 333 162 
2765 1 745 342 340 156 
2766 1 736 343 342 165 
2767 1 747 347 331 161 
2768 1 750 351 338 162 
2769 1 745 349 337 161 
2770 1 738 345 340 170 
2771 1 740 353 341 159 
2772 1 749 349 328 161 
2773 1 745 347 345 165 
2774 1 748 338 329 175 
2775 1 741 340 333 157 
2776 1 749 346 321 156 
2777 1 747 340 335 148 
2778 1 752 344 316 148 
2779 1 752 340 319 168 
2780 1 750 340 329 158 
2781 1 745 341 338 160 
2782 1 749 341 337 170 
2783 1 753 338 323 158 
2784 1 750 340 321 160 
2785 1 752 339 330 157 
2786 1 755 341 323 157 
2787 1 765 345 318 150 
2788 1 779 348 315 146 
2789 1 790 351 317 150 
2790 1 804 350 304 142 
2791 1 848 361 280 143 
2792 1 871 355 273 148 
2793 1 904 355 253 152 
2794 1 923 357 256 146 
2795 2 941 357 235 144 1178 411 78 71 
2796 1 974 368 227 130 
2797 1 1007 376 209 120 
2798 1 1034 380 206 114 
2799 1 1043 379 213 128 
2800 1 1069 388 198 112 
2801 1 1097 384 171 128 
2802 1 1116 383 164 122 
2803 3 1057 385 110 98 1130 389 147 106 248 328 419 168 
2804 3 1033 388 92 84 1150 393 131 128 318 326 427 173 
2805 2 398 322 404 175 1014 385 118 100 
2806 3 474 340 394 160 977 381 142 89 1104 397 130 95 
2807 3 544 340 380 163 944 371 153 94 1068 390 137 97 
2808 3 613 330 344 178 945 372 149 97 1032 399 146 86 
2809 2 696 337 327 177 1001 388 156 97 
2810 2 834 343 274 151 723 368 139 89 
2811 3 674 353 203 102 825 363 155 106 908 350 233 148 
2812 4 1163 407 118 78 608 344 217 113 744 363 215 118 943 375 229 126 
2813 4 658 359 247 130 480 336 271 116 994 371 196 137 1162 410 106 78 
2814 1 1037 377 193 127 
2815 2 425 352 324 122 1077 385 177 111 
2816 2 1136 390 133 100 1034 384 120 106 
2817 2 997 379 169 103 1153 390 120 114 
2818 2 948 384 188 101 1184 407 97 81 
2819 1 886 377 228 105 
2820 1 829 370 230 108 
2821 2 667 349 254 139 1156 414 116 80 
2822 3 562 346 271 136 812 389 114 71 1114 412 135 75 
2823 3 429 343 307 145 692 377 151 86 1101 405 131 95 
2824 3 302 317 327 169 568 379 205 88 1065 406 149 84 
2825 2 330 352 234 117 986 392 164 95 
2826 2 869 395 192 88 30 353 297 119 
2827 1 784 374 240 105 
2828 1 594 365 290 114 
2829 1 488 353 305 132 
2830 1 346 357 329 117 
2831 1 179 365 357 122 
2832 0 
2833 0 
2834 0 
2835 0 
2836 0 
2837 0 
2838 1 1180 407 101 88 
2839 1 1141 405 135 82 
2840 1 1121 406 129 79 
2841 1 1086 406 138 82 
2842 1 1039 393 146 93 
2843 1 943 381 184 107 
2844 1 873 379 224 113 
2845 1 790 374 238 109 
2846 1 604 361 275 112 
2847 2 265 350 525 211 520 335 275 128 
2848 2 215 337 324 143 784 374 343 167 
2849 1 955 403 266 133 
2850 1 1068 407 193 132 
2851 2 1168 412 79 61 1209 424 69 88 
2852 0 
2853 1 1109 401 118 81 
2854 1 1077 399 110 84 
2855 1 1028 390 148 100 
2856 1 927 379 180 116 
2857 1 869 383 199 96 
2858 1 688 362 264 112 
2859 1 627 361 230 104 
2860 1 505 357 272 116 
2861 0 
2862 0 
2863 0 
2864 0 
2865 0 
2866 0 
2867 1 1143 415 122 81 
2868 1 1096 411 138 72 
2869 1 1012 405 151 83 
2870 1 949 390 178 88 
2871 1 875 386 194 88 
2872 1 785 380 241 111 
2873 1 564 361 275 120 
2874 1 429 361 306 118 
2875 1 270 362 325 139 
2876 0 
2877 0 
2878 0 
2879 0 
2880 0 
2881 0 
2882 1 1197 426 81 53 
2883 2 301 327 419 181 1196 420 60 61 
2884 2 514 321 324 202 1181 423 86 56 
2885 1 626 345 335 154 
2886 2 763 351 278 139 1170 417 72 64 
2887 2 881 362 233 136 1152 417 85 59 
2888 1 968 374 200 113 
2889 1 1034 379 173 116 
2890 1 1092 398 158 98 
2891 2 1090 417 116 60 1193 395 88 96 
2892 1 1076 411 108 68 
2893 1 1059 407 109 69 
2894 1 1030 402 128 76 
2895 2 1140 403 125 85 1001 395 138 84 
2896 2 1109 395 151 86 937 397 151 80 
2897 3 905 394 150 76 1090 386 140 102 98 300 582 208 
2898 2 1029 386 173 114 511 299 475 220 
2899 2 688 318 381 181 1032 385 142 109 
2900 2 693 383 177 80 859 351 272 157 
2901 3 630 374 194 94 935 361 263 139 1197 424 79 62 
2902 3 441 374 248 105 834 361 245 121 1091 377 189 114 
2903 2 772 353 265 130 1131 388 150 108 
2904 2 1184 397 97 120 218 362 278 116 
2905 1 560 337 313 137 
2906 1 447 328 357 155 
2907 2 1051 402 111 79 1157 405 107 90 
2908 2 1134 406 121 77 1041 401 102 84 
2909 2 992 403 118 79 1070 397 146 93 
2910 2 1039 395 144 99 964 402 124 62 
2911 1 985 386 177 104 
2912 1 944 380 179 96 
2913 1 735 359 241 118 
2914 1 635 355 261 143 
2915 1 536 341 264 146 
2916 3 281 331 299 152 551 366 182 111 1172 417 109 60 
2917 3 121 324 345 154 445 355 222 109 1141 415 131 75 
2918 3 8 322 308 165 308 353 277 134 1121 420 118 79 
2919 2 107 353 279 125 1048 416 144 68 
2920 2 1015 392 152 96 21 354 281 116 
2921 2 1 358 212 112 963 397 172 89 
2922 1 888 390 200 96 
2923 1 820 380 228 97 
2924 2 738 379 245 107 11 281 357 233 
2925 2 660 383 237 108 1 304 590 222 
2926 2 1189 425 92 63 228 300 553 208 
2927 2 510 318 402 185 1166 417 112 62 
2928 3 618 336 438 196 247 343 333 142 1143 422 117 69 
2929 3 791 343 314 170 1132 416 111 74 84 357 361 139 
2930 1 993 368 250 137 
2931 1 1078 374 194 116 
2932 2 962 401 169 82 1140 386 141 105 
2933 1 866 388 199 90 
2934 1 782 385 229 92 
2935 2 710 384 231 115 1197 426 84 68 
2936 3 518 358 298 133 15 322 477 188 1144 414 116 76 
2937 2 1119 408 124 78 217 297 506 215 
2938 2 608 355 344 159 1060 395 128 100 
2939 1 824 365 293 131 
2940 1 945 371 225 127 
2941 2 842 386 203 93 1038 388 186 113 
2942 2 675 374 238 107 1147 401 134 81 
2943 1 567 367 272 109 
2944 2 144 304 481 214 591 354 142 116 
2945 1 356 315 444 207 
2946 2 544 317 364 186 163 318 333 176 
2947 1 792 351 296 162 
2948 1 909 354 244 142 
2949 1 998 366 216 141 
2950 1 1051 376 200 129 
2951 1 1118 379 162 121 
2952 1 1157 393 124 111 
2953 0 
2954 0 
2955 0 
2956 0 
2957 0 
2958 0 
2959 1 376 334 561 241 
2960 1 423 350 567 215 
2961 1 525 343 516 219 
2962 1 612 345 469 214 
2963 1 671 348 429 209 
2964 1 732 355 394 189 
2965 1 777 353 377 190 
2966 1 829 359 328 190 
2967 1 867 360 321 188 
2968 1 900 363 312 184 
2969 1 927 364 305 182 
2970 1 971 369 291 175 
2971 1 988 371 286 172 
2972 1 1012 374 268 168 
2973 1 1020 374 260 168 
2974 1 1027 376 253 166 
2975 1 1032 375 248 167 
2976 1 1043 376 237 167 
2977 2 1047 375 233 168 1 304 231 200 
2978 2 1049 372 231 173 1 287 362 222 
2979 2 1050 384 230 154 9 287 535 234 
2980 2 1054 385 226 153 99 295 535 200 
2981 2 1057 385 223 152 196 297 510 206 
2982 2 1059 385 221 151 265 300 512 183 
2983 2 1062 386 218 150 1 348 146 187 
2984 2 1062 386 218 150 485 308 441 205 
2985 3 1062 386 218 151 1 336 160 217 546 318 428 186 
2986 3 1062 386 218 151 625 327 395 168 1 343 203 237 
2987 3 1062 386 218 151 666 327 381 165 1 332 229 227 
2988 3 1062 386 218 151 742 335 324 178 14 317 234 249 
2989 3 1062 386 218 151 755 334 321 184 1 313 270 297 
2990 3 1062 386 218 151 773 348 310 152 1 306 298 300 
2991 3 1062 386 218 151 815 349 285 152 1 275 304 301 
2992 3 1062 385 218 151 826 346 275 148 1 262 320 300 
2993 3 1062 386 218 151 847 348 268 145 1 284 364 288 
2994 3 1062 385 218 151 853 349 264 144 1 283 357 298 
2995 3 1062 386 218 151 860 350 262 143 1 282 369 298 
2996 3 1062 386 218 151 867 351 260 142 1 282 386 298 
2997 3 1062 386 218 151 868 351 260 142 1 282 391 297 
2998 3 1062 386 218 151 869 351 260 142 1 282 395 297 
2999 3 1062 386 218 151 868 351 261 143 1 282 398 297 
3000 3 1062 386 218 151 868 351 261 143 1 282 398 297 
3001 3 1062 386 218 151 868 351 261 143 1 282 398 297 
3002 3 1062 386 218 151 868 351 261 143 1 282 398 297 
3003 3 1062 385 218 151 868 350 262 143 1 275 379 290 
3004 3 1062 386 218 151 868 351 262 143 1 275 379 290 
3005 3 1062 386 218 150 868 351 262 144 1 275 379 290
